t dt mgp.i mgp.nrelax mgpf.i mgpf.nrelax mgu.i mgu.nrelax grid->tn perf.t perf.speed npe perf.ispeed
0 1.12e-07 0 0 0 0 0 0 4096 0 0 1 0
1.12e-07 1.12e-07 1 4 1 4 1 4 1609 0.239996 6704.28 1 6704.28
3.13333e-07 2.01333e-07 1 4 1 4 1 4 1066 0.248181 10778.4 1 130238
6.15333e-07 3.02e-07 1 4 1 4 1 4 946 0.254397 14233.7 1 152188
1.00362e-06 3.88286e-07 1 4 1 4 1 4 946 0.259605 17592.1 1 181644
1.46956e-06 4.65943e-07 1 4 1 4 1 4 946 0.264799 20819.6 1 182133
1.9355e-06 4.65943e-07 1 4 1 4 1 4 946 0.269176 23995.5 1 216130
2.40145e-06 4.65943e-07 1 4 1 4 1 4 946 0.272865 27138 1 256438
2.86739e-06 4.65943e-07 1 4 1 4 1 4 946 0.276581 30193.7 1 254575
3.33333e-06 4.65943e-07 1 4 1 4 1 4 946 0.280283 33170 1 255538
4e-06 6.66667e-07 1 4 1 4 1 4 946 0.364609 28093.1 1 11218.4
3.24138e-05 1.14943e-07 1 2 1 4 1 2 958 1.36628 68112.8 1 284695
5.35088e-05 1.75439e-07 1 2 1 4 1 2 934 2.42378 96352.4 1 11209.4
7.46377e-05 1.44928e-07 1 2 1 4 1 2 916 3.42589 110698 1 280895
9.68254e-05 1.5873e-07 1 2 1 4 1 2 919 4.46714 114387 1 10870.3
0.000120152 1.51515e-07 1 2 1 4 1 2 916 5.52222 117246 1 10872.3
0.000143057 1.38026e-07 1 2 1 4 1 2 931 6.52525 121374 1 281865
0.000161571 1.03687e-07 1 2 1 4 1 2 916 7.527 124281 1 280637
0.000178596 8.77193e-08 1 2 1 4 1 2 877 8.52904 129074 1 279745
0.000195225 9.00901e-08 1 2 1 4 1 2 877 9.53109 132894 1 279299
0.000212121 1.0101e-07 1 2 1 4 1 2 955 10.5328 135886 1 258948
0.000230128 1.28205e-07 1 2 1 4 1 2 973 11.5641 136980 1 11271.7
0.000251111 1.5873e-07 1 2 1 4 1 2 976 12.5659 137589 1 289442
0.00027375 2.08333e-07 1 2 1 4 1 2 961 13.5669 136299 1 286182
0.000300238 2.38095e-07 1 2 1 4 1 2 979 14.6333 134345 1 11136.9
0.000326889 2.22222e-07 1 2 1 4 1 2 973 15.6956 132418 1 11165.3
0.000352917 2.08333e-07 1 2 1 4 1 2 976 16.6968 131637 1 291604
0.000376667 1.96078e-07 1 2 1 4 1 2 1006 17.6996 130886 1 291510
0.000399412 1.96078e-07 1 2 1 4 1 2 988 18.7005 130090 1 286792
0.000422549 1.96078e-07 1 2 1 4 1 2 985 19.7036 129367 1 285342
0.000446889 2.22222e-07 1 2 1 4 1 2 994 20.7907 128114 1 11265.8
0.00047359 2.5641e-07 1 2 1 4 1 2 1027 21.8601 127025 1 11568.7
0.000500333 3.33333e-07 1 2 1 4 1 2 1039 22.8613 125588 1 11636.6
0.000530476 4.7619e-07 1 2 1 4 1 2 1036 23.894 123462 1 11679
0.000564 6.66667e-07 1 2 1 4 1 2 1024 24.9764 120743 1 11532.7
0.000599167 8.33333e-07 1 2 1 4 1 2 1015 25.9773 117779 1 293777
0.000634167 8.33333e-07 1 2 1 4 1 2 991 27.063 114616 1 10840.3
0.000671111 1.11111e-06 1 2 1 4 1 2 991 28.1162 111521 1 10835.6
0.0007075 8.33333e-07 1 2 1 4 1 2 991 29.1943 108794 1 11020
0.000744167 8.33333e-07 1 2 1 4 1 2 991 30.2779 106341 1 10939.5
0.000777333 6.66667e-07 1 2 1 4 2 2 991 31.3342 104148 1 11074.5
0.000810667 6.66667e-07 1 2 1 4 1 2 991 32.3629 102369 1 11226.5
0.000844 6.66667e-07 1 2 1 4 1 2 985 33.3943 100686 1 11309.7
0.000877333 6.66667e-07 1 2 1 4 1 2 985 34.4017 99167.8 1 11367.4
0.000910667 6.66667e-07 1 2 1 4 1 2 985 35.4052 97748.2 1 11337.5
0.000943889 5.55556e-07 1 2 1 4 1 2 985 36.4314 96536 1 11326.4
0.000977222 5.55556e-07 1 2 1 4 1 2 985 37.4666 95446 1 11327.4
